[Capture.JPG]
filters=fill=1,0.205607;autocolor=1;enhance=1;HDR=1,80.000000,7.000000,91.812866;
moddate=2c5683ef251cd401
width=377
height=184
textactive=0
